#INCLUSive Motif Model
#
#ID = box_1_1_kkTkTGG
#Score = 1311.15
#W = 7
#Consensus = kkTkTGG
5.10005e-05	2.52679e-05	0.516692	0.483231	
5.10005e-05	2.52679e-05	0.358821	0.641103	
5.10005e-05	2.52679e-05	2.28278e-05	0.999901	
5.10005e-05	2.52679e-05	0.342077	0.657846	
5.10005e-05	2.52679e-05	2.28278e-05	0.999901	
5.10005e-05	2.52679e-05	0.999874	4.95348e-05	
5.10005e-05	2.52679e-05	0.870707	0.129217	

#ID = box_1_2_TATATAT
#Score = 1402.82
#W = 7
#Consensus = TATATAT
4.38655e-05	2.17329e-05	1.96342e-05	0.999915	
0.814755	2.17329e-05	0.185181	4.26049e-05	
4.38655e-05	2.17329e-05	1.96342e-05	0.999915	
0.999916	2.17329e-05	1.96342e-05	4.26049e-05	
4.38655e-05	2.17329e-05	1.96342e-05	0.999915	
0.999916	2.17329e-05	1.96342e-05	4.26049e-05	
4.38655e-05	0.107004	0.0473387	0.845614	

#ID = box_1_3_TTTTGTT
#Score = 1361.03
#W = 7
#Consensus = TTTTGTT
5.14932e-05	2.5512e-05	2.30483e-05	0.9999	
5.14932e-05	2.5512e-05	2.30483e-05	0.9999	
5.14932e-05	2.5512e-05	2.30483e-05	0.9999	
5.14932e-05	2.5512e-05	2.30483e-05	0.9999	
5.14932e-05	0.330894	0.669005	5.00134e-05	
5.14932e-05	2.5512e-05	2.30483e-05	0.9999	
5.14932e-05	2.5512e-05	2.30483e-05	0.9999	

#ID = box_1_4_GAArrAG
#Score = 1304.36
#W = 7
#Consensus = GAArrAG
4.71647e-05	2.33674e-05	0.999884	4.58093e-05	
0.754368	2.33674e-05	0.245563	4.58093e-05	
0.681369	2.33674e-05	0.318561	4.58093e-05	
0.42698	2.33674e-05	0.572951	4.58093e-05	
0.572977	2.33674e-05	0.426954	4.58093e-05	
0.99991	2.33674e-05	2.11109e-05	4.58093e-05	
4.71647e-05	2.33674e-05	0.999884	4.58093e-05	

#ID = box_1_5_sGTGGnn
#Score = 1289.11
#W = 7
#Consensus = sGTGGnn
0.0773479	0.456315	0.466286	5.16345e-05	
5.31623e-05	2.63389e-05	0.999869	5.16345e-05	
5.31623e-05	0.219444	2.37954e-05	0.780479	
5.31623e-05	0.284272	0.715624	5.16345e-05	
5.31623e-05	2.63389e-05	0.999869	5.16345e-05	
0.266845	0.259338	0.254348	0.219469	
5.31623e-05	0.311699	0.32167	0.366578	

#ID = box_1_6_TTTTTTT
#Score = 1276.79
#W = 7
#Consensus = TTTTTTT
4.76922e-05	2.36288e-05	2.1347e-05	0.999907	
4.76922e-05	2.36288e-05	2.1347e-05	0.999907	
4.76922e-05	2.36288e-05	2.1347e-05	0.999907	
0.194652	2.36288e-05	2.1347e-05	0.805304	
4.76922e-05	2.36288e-05	2.1347e-05	0.999907	
4.76922e-05	2.36288e-05	2.1347e-05	0.999907	
4.76922e-05	2.36288e-05	2.1347e-05	0.999907	

#ID = box_1_7_nwGwGAG
#Score = 1153.31
#W = 7
#Consensus = nwGwGAG
0.481939	3.46275e-05	0.275385	0.242641	
0.452437	0.0754291	3.12836e-05	0.472103	
6.98919e-05	3.46275e-05	0.999828	6.78833e-05	
0.432769	3.46275e-05	3.12836e-05	0.567165	
6.98919e-05	3.46275e-05	0.999828	6.78833e-05	
0.796629	3.46275e-05	0.203269	6.78833e-05	
6.98919e-05	3.46275e-05	0.999828	6.78833e-05	

#ID = box_1_8_TrTkTGT
#Score = 1135.33
#W = 7
#Consensus = TrTkTGT
6.72467e-05	3.33169e-05	3.00996e-05	0.999869	
0.482623	3.33169e-05	0.517279	6.53141e-05	
6.72467e-05	3.33169e-05	3.00996e-05	0.999869	
6.72467e-05	3.33169e-05	0.343811	0.656088	
6.72467e-05	3.33169e-05	3.00996e-05	0.999869	
6.72467e-05	0.309121	0.690746	6.53141e-05	
6.72467e-05	3.33169e-05	3.00996e-05	0.999869	

#ID = box_1_9_kAkwTrG
#Score = 1180.59
#W = 7
#Consensus = kAkwTrG
6.89873e-05	3.41793e-05	0.482135	0.517762	
0.999868	3.41793e-05	3.08787e-05	6.70048e-05	
6.89873e-05	3.41793e-05	0.420658	0.579239	
0.401283	3.41793e-05	3.08787e-05	0.598652	
6.89873e-05	3.41793e-05	3.08787e-05	0.999866	
0.362456	3.41793e-05	0.637443	6.70048e-05	
6.89873e-05	3.41793e-05	0.99983	6.70048e-05	

#ID = box_1_10_GTwTTAk
#Score = 1143.57
#W = 7
#Consensus = GTwTTAk
6.53905e-05	3.23973e-05	0.999839	6.35113e-05	
6.53905e-05	3.23973e-05	0.223913	0.775989	
0.374227	3.23973e-05	2.92688e-05	0.625711	
6.53905e-05	3.23973e-05	0.00616307	0.993739	
6.53905e-05	3.23973e-05	0.208578	0.791324	
0.999875	3.23973e-05	2.92688e-05	6.35113e-05	
6.53905e-05	3.23973e-05	0.435529	0.564373	

