#INCLUSive Motif Model
#
#ID = box_1_1_TGTAATC
#Score = 868.421
#W = 7
#Consensus = TGTAATC
0.0938225	0.110705	0.0337889	0.761683	
0.0938225	0.0806891	0.806707	0.0187813	
0.0994505	0.0487968	0.0563011	0.795452	
0.941781	0.00189645	0.0412929	0.0150293	
0.898633	0.0225326	0.0638051	0.0150293	
0.0262859	0.0844411	0.0544251	0.834848	
0.0713103	0.851731	0.0544251	0.0225333	

#ID = box_1_2_GATTACA
#Score = 1761.58
#W = 7
#Consensus = GATTACA
0.10924	0.0772268	0.685462	0.128071	
0.800331	0.199627	2.0693e-05	2.12185e-05	
0.0376834	2.05128e-05	0.113006	0.849291	
2.17895e-05	0.0998238	0.205276	0.694878	
0.694879	0.216575	0.0885255	2.12185e-05	
0.103591	0.890718	0.00566993	2.12185e-05	
0.676048	0.32391	2.0693e-05	2.12185e-05	

#ID = box_1_3_ynTGnmn
#Score = 1317.35
#W = 7
#Consensus = ynTGnmn
1.89989e-05	0.346462	0.305414	0.348105	
1.89989e-05	0.316908	0.431842	0.251232	
1.89989e-05	1.78858e-05	0.201974	0.797989	
1.89989e-05	1.78858e-05	0.999945	1.85011e-05	
1.89989e-05	0.298847	0.252873	0.448261	
0.563196	0.436767	1.80429e-05	1.85011e-05	
0.497519	0.30213	1.80429e-05	0.200332	

#ID = box_1_4_syCGmnT
#Score = 1177.8
#W = 7
#Consensus = syCGmnT
2.11522e-05	0.361965	0.444225	0.193789	
2.11522e-05	0.473473	0.1554	0.371105	
2.11522e-05	0.720254	2.00878e-05	0.279705	
2.11522e-05	1.99129e-05	0.78789	0.212069	
0.539282	0.460677	2.00878e-05	2.05979e-05	
0.162714	0.144432	0.301641	0.391213	
2.11522e-05	1.99129e-05	0.294329	0.70563	

#ID = box_1_5_nkGkrny
#Score = 862.54
#W = 7
#Consensus = nkGkrny
0.444728	0.292812	3.03524e-05	0.26243	
3.19607e-05	3.00881e-05	0.406058	0.59388	
3.19607e-05	3.00881e-05	0.999907	3.11232e-05	
3.19607e-05	3.00881e-05	0.494444	0.505494	
0.370152	3.00881e-05	0.331481	0.298337	
0.560736	0.204425	3.03524e-05	0.234809	
3.19607e-05	0.464061	0.0386996	0.497207	

#ID = box_1_6_kATnwns
#Score = -inf
#W = 7
#Consensus = kATnwns
0.196193	2.96782e-05	0.43322	0.370558	
0.702943	2.96782e-05	2.99389e-05	0.296997	
3.15253e-05	2.96782e-05	2.99389e-05	0.999909	
0.433221	0.256129	2.99389e-05	0.31062	
0.468639	2.96782e-05	2.99389e-05	0.531301	
0.296998	0.411424	0.291548	3.06992e-05	
3.15253e-05	0.37873	0.348761	0.272477	

#ID = box_1_7_nssTmrn
#Score = -inf
#W = 7
#Consensus = nssTmrn
0.396323	0.283531	0.320112	3.4349e-05	
3.52733e-05	0.426804	0.573126	3.4349e-05	
3.52733e-05	0.381079	0.359741	0.259145	
3.52733e-05	3.32065e-05	3.34983e-05	0.999898	
0.591418	0.408514	3.34983e-05	3.4349e-05	
0.442048	3.32065e-05	0.557884	3.4349e-05	
0.243904	0.207322	0.30487	0.243904	

#ID = box_1_8_nGATTAC
#Score = -inf
#W = 7
#Consensus = nGATTAC
0.26344	0.16131	0.344062	0.231188	
6.21958e-05	0.15056	0.66119	0.188187	
0.79557	5.85517e-05	0.204311	6.05661e-05	
6.21958e-05	0.290311	5.90661e-05	0.709567	
6.21958e-05	5.85517e-05	5.90661e-05	0.99982	
0.741819	0.043059	5.90661e-05	0.215063	
6.21958e-05	0.999818	5.90661e-05	6.05661e-05	

#ID = box_1_9_yGGmnrn
#Score = -inf
#W = 7
#Consensus = yGGmnrn
0.283012	0.377321	6.90933e-05	0.339598	
7.27544e-05	6.84916e-05	0.999788	7.0848e-05	
7.27544e-05	6.84916e-05	0.999788	7.0848e-05	
0.358463	0.358458	0.283008	7.0848e-05	
0.226424	0.534509	0.238996	7.0848e-05	
0.616252	6.84916e-05	0.383609	7.0848e-05	
0.333312	0.213845	0.213845	0.238997	

#ID = box_1_10_nrwGynm
#Score = -inf
#W = 7
#Consensus = nrwGynm
0.399958	0.313313	7.32377e-05	0.286656	
0.45994	7.25999e-05	0.539912	7.50976e-05	
0.453275	7.25999e-05	7.32377e-05	0.546579	
7.71184e-05	7.25999e-05	0.999775	7.50976e-05	
7.71184e-05	0.526582	7.32377e-05	0.473267	
0.273329	0.306648	0.27999	0.140033	
0.526587	0.473265	7.32377e-05	7.50976e-05	

